[Variables]
mmu__revision = 505
mmu_calibration_bowden_home = 'encoder'
mmu_calibration_bowden_lengths = [609.7759674134422, 609.7759674134422, 609.7759674134422, 609.7759674134422, 609.7759674134422, 609.7759674134422, 609.7759674134422, 609.7759674134422]
mmu_calibration_clog_length = 12.195519348268844
mmu_encoder_resolution = 0.977597
mmu_gear_rotation_distances = [23.186872, -1, -1, -1, -1, -1, -1, -1]
mmu_selector_bypass = 174.4925
mmu_selector_offsets = [2.4, 25.0, 47.6, 70.3, 92.9, 115.5, 138.2, 160.8]
mmu_servo_angles = {'down': 50, 'up': 120, 'move': 140}
mmu_state_filament_pos = 0
mmu_state_gate_selected = 1
mmu_state_gate_status = [-1, 0, -1, -1, -1, -1, -1, -1]
mmu_state_tool_selected = 1
mmu_statistics_counters = {'servo_down': {'count': 144, 'limit': -1, 'warning': ''}, 'mmu_restarts': {'count': 33, 'limit': -1, 'warning': ''}}

